source	id	Lat	Lon	bio1	bio2	bio3	bio4	bio5	bio6	bio7	bio8	bio9	bio10	bio11	bio12	bio13	bio14	bio15	bio16	bio17	bio18	bio19	2022 Root length (cm)	2022 Upper root width (mm)	2022 Middle root width(mm)	2022 Weight per root  (g)	2022 Root yields (kg/mu)	2022 Calycosin-7-glucoside (C7G) content (%)	2022 Astragaloside IV (AIV) content (%)	2022 Astragalus polysaccharides (APS) content (%)	2023 Root length (cm)	2023 Upper root width (mm)	2023 Middle root width(mm)	2023 Weight per root  (g)	2023 Root yields (kg/mu)	2023 Calycosin-7-glucoside (C7G) content (%)	2023 Astragaloside IV (AIV) content (%)	2023 Astragalus polysaccharides (APS) content (%)
1	1-1	41.1	111.45	3.26250004768372	13.7583332061768	28.7831249237061	1265.81469726562	25.5	-22.29999924	47.7999992370605	18.0666656494141	-13.21666622	18.0666656494141	-13.21666622	287	85	2	114.228614807129	193	7	193	7	29.37	6.78	5.44	3.29	161.200806	0.039263361	0.299569965	8.16	41.9	9.7285	8.4825	6.765	360.0018	0.03140113	0.570798456	5
1	2-1	41.1	111.45	3.26250004768372	13.7583332061768	28.7831249237061	1265.81469726562	25.5	-22.29999924	47.7999992370605	18.0666656494141	-13.21666622	18.0666656494141	-13.21666622	287	85	2	114.228614807129	193	7	193	7	28.15	7.01	5.79	3.97	192.600963	0.040152165	0.278652607	7.61	44.66	9.42	8.25	8.31	280.0014	0.102266812	0.516669025	5.25
1	3-1	41.1	111.45	3.26250004768372	13.7583332061768	28.7831249237061	1265.81469726562	25.5	-22.29999924	47.7999992370605	18.0666656494141	-13.21666622	18.0666656494141	-13.21666622	287	85	2	114.228614807129	193	7	193	7	28.71	4.39	3.45	3.22	149.800749	0.031233607	0.273188978	8.34	48.29	10.41	9.31	6.62	304.00152	0.071896847	0.564024669	5.16
2	1-2	41.09	108.27	7.17916679382324	12.7249994277954	27.3655910491943	1246.99169921875	29.1000003814697	-17.39999962	46.5	20	-8.866666794	21.8500003814697	-8.866666794	192	53	1	109.043716430664	129	6	125	6	34.40	5.41	4.31	1.67	81.800409	0.043585314	0.375667422	7.79	54.735	6.678	5.557	4.46	233.3345	0.083964158	0.512924134	5.33
2	2-2	41.09	108.27	7.17916679382324	12.7249994277954	27.3655910491943	1246.99169921875	29.1000003814697	-17.39999962	46.5	20	-8.866666794	21.8500003814697	-8.866666794	192	53	1	109.043716430664	129	6	125	6	32.35	5.16	4.06	2.535	117.400587	0.042479077	0.322125308	8.16	48.64	5.82	4.72	5.015	200.001	0.077097017	0.501510818	5.21
2	3-2	41.09	108.27	7.17916679382324	12.7249994277954	27.3655910491943	1246.99169921875	29.1000003814697	-17.39999962	46.5	20	-8.866666794	21.8500003814697	-8.866666794	192	53	1	109.043716430664	129	6	125	6	34.50	6.01	4.87	2.325	116.00058	0.032946367	0.445001081	7.68	55.08	5.88	4.71	5.92	158.66746	0.048459632	0.52898909	5.17
3	1-3	38.83	105.67	7.86666679382324	13.7666664123535	30.7979106903076	1156.78308105469	29.1000003814697	-15.60000038	44.7000007629395	19.7999992370605	-7.116666794	21.466667175293	-7.116666794	207	50	1	91.3943252563477	122	5	120	5	29.41	4.58	3.63	2.71	140.0007	0.027117643	0.171338707	8.42	38.195	7.3075	6.1135	6.18	190.66762	0.050150902	0.417593985	5.39
3	2-3	38.83	105.67	7.86666679382324	13.7666664123535	30.7979106903076	1156.78308105469	29.1000003814697	-15.60000038	44.7000007629395	19.7999992370605	-7.116666794	21.466667175293	-7.116666794	207	50	1	91.3943252563477	122	5	120	5	28.43	5.11	3.84	3.64	160.400802	0.024432157	0.170953681	8.48	44.94	7.30	6.10	6.12	174.00087	0.030256607	0.331177691	5.13
3	3-3	38.83	105.67	7.86666679382324	13.7666664123535	30.7979106903076	1156.78308105469	29.1000003814697	-15.60000038	44.7000007629395	19.7999992370605	-7.116666794	21.466667175293	-7.116666794	207	50	1	91.3943252563477	122	5	120	5	31.73	6.91	5.58	3.54	177.200886	0.043310662	0.165666205	9.08	48.37	7.88	6.69	6.54	193.3343	0.034083835	0.325223995	5.22
4	1-4	41.54	111.71	3.55833339691162	13.1333332061768	27.1349849700928	1322.34436035156	26.2000007629395	-22.20000076	48.4000015258789	19.0166664123535	-13.6833334	19.0166664123535	-13.6833334	234	76	1	117.488174438477	161	5	161	5	26.48	6.42	4.61	4.045	183.200916	0.049269083	0.158862031	9.21	39.1	8.223	7.052	6.14	146.6674	0.049852014	0.446162466	3.15
4	2-4	41.54	111.71	3.55833339691162	13.1333332061768	27.1349849700928	1322.34436035156	26.2000007629395	-22.20000076	48.4000015258789	19.0166664123535	-13.6833334	19.0166664123535	-13.6833334	234	76	1	117.488174438477	161	5	161	5	39.41	6.62	5.41	2.26	102.200511	0.045919855	0.215200712	9.67	52.06	7.88	6.71	5.61	213.3344	0.040290019	0.283467982	3.03
4	3-4	41.54	111.71	3.55833339691162	13.1333332061768	27.1349849700928	1322.34436035156	26.2000007629395	-22.20000076	48.4000015258789	19.0166664123535	-13.6833334	19.0166664123535	-13.6833334	234	76	1	117.488174438477	161	5	161	5	29.94	6.60	5.03	3.505	165.600828	0.036226931	0.183893765	9.1	50.08	7.61	6.40	5.54	180.0009	0.046644432	0.274442071	3.02
5	1-5	41.15	114.72	4.67500019073486	12.6000003814697	27.937915802002	1251.82507324219	26	-19.10000038	45.0999984741211	19.283332824707	-11.44999981	19.283332824707	-11.44999981	396	100	3	95.8480606079102	240	12	240	12	30.37	3.99	3.05	2.525	125.200626	0.044805989	0.225708781	7.62	41.07	8.4225	7.2285	6.525	293.3348	0.042581496	0.422595505	5.57
5	2-5	41.15	114.72	4.67500019073486	12.6000003814697	27.937915802002	1251.82507324219	26	-19.10000038	45.0999984741211	19.283332824707	-11.44999981	19.283332824707	-11.44999981	396	100	3	95.8480606079102	240	12	240	12	31.43	5.48	4.18	2.305	109.000545	0.033228648	0.19234456	8.05	47.14	10.21	9.04	7.305	313.3349	0.035813985	0.349697339	5.56
5	3-5	41.15	114.72	4.67500019073486	12.6000003814697	27.937915802002	1251.82507324219	26	-19.10000038	45.0999984741211	19.283332824707	-11.44999981	19.283332824707	-11.44999981	396	100	3	95.8480606079102	240	12	240	12	31.81	3.91	3.03	3.255	171.200856	0.023753157	0.204068637	8.48	50.51	9.45	8.28	6.705	286.6681	0.032497054	0.352275979	5.86
6	1-6	39.69	113.7	6.74166679382324	13.4499998092651	30.3611736297607	1158.60583496094	26.8999996185303	-17.39999962	44.2999992370605	20.2000007629395	-8.333333015	20.2000007629395	-8.333333015	383	110	2	105.767051696777	246	11	246	11	40.40	6.50	4.98	4.625	216.00108	0.03032573	0.1648584	7.72	52.1365	8.553125	7.335975	6.075	286.6681	0.067022295	0.40413941	6.31
6	2-6	39.69	113.7	6.74166679382324	13.4499998092651	30.3611736297607	1158.60583496094	26.8999996185303	-17.39999962	44.2999992370605	20.2000007629395	-8.333333015	20.2000007629395	-8.333333015	383	110	2	105.767051696777	246	11	246	11	41.65	6.22	5.12	3.335	146.600733	0.032305512	0.221069378	7.74	57.98	9.09	7.91	6.335	260.0013	0.065994411	0.396458063	6.1
6	3-6	39.69	113.7	6.74166679382324	13.4499998092651	30.3611736297607	1158.60583496094	26.8999996185303	-17.39999962	44.2999992370605	20.2000007629395	-8.333333015	20.2000007629395	-8.333333015	383	110	2	105.767051696777	246	11	246	11	42.72	5.74	4.95	3.455	176.800884	0.029810757	0.177137814	7.1	59.95	9.60	8.08	6.68	326.6683	0.03309969	0.371778487	6.17
7	1-7	38.91	111.85	5.49166679382324	14.1999998092651	31.838565826416	1133.74450683594	25.7999992370605	-18.79999924	44.5999984741211	16.8500003814697	-9.366666794	18.6166667938232	-9.366666794	461	121	3	105.950675964355	296	11	291	11	27.68	5.07	3.94	3.08	155.800779	0.037485752	0.161772825	9.6	39.86	7.447	6.2685	6.08	160.0008	0.074295243	0.511473181	4.27
7	2-7	38.91	111.85	5.49166679382324	14.1999998092651	31.838565826416	1133.74450683594	25.7999992370605	-18.79999924	44.5999984741211	16.8500003814697	-9.366666794	18.6166667938232	-9.366666794	461	121	3	105.950675964355	296	11	291	11	29.74	6.88	5.71	3.135	147.200736	0.061159222	0.18552027	9.57	47.70	8.51	7.30	6.635	260.0013	0.074978069	0.553737603	3.66
7	3-7	38.91	111.85	5.49166679382324	14.1999998092651	31.838565826416	1133.74450683594	25.7999992370605	-18.79999924	44.5999984741211	16.8500003814697	-9.366666794	18.6166667938232	-9.366666794	461	121	3	105.950675964355	296	11	291	11	29.37	5.01	3.78	2.92	154.200771	0.042021324	0.180881381	9.31	50.55	8.22	7.12	6.52	220.0011	0.052388919	0.454412808	3.46
8	1-8	36.2	113.44	9.15416622161865	11.7416667938232	30.9806499481201	995.851501464844	26.8999996185303	-11	37.9000015258789	19.3833332061768	-3.700000048	21	-3.700000048	637	169	5	99.2259750366211	387	18	384	18	39.15	6.10	4.58	3.165	161.200806	0.036661797	0.182323091	8.13	48.825	8.5745	7.453	6.665	260.0013	0.091499544	0.540116665	3.96
8	2-8	36.2	113.44	9.15416622161865	11.7416667938232	30.9806499481201	995.851501464844	26.8999996185303	-11	37.9000015258789	19.3833332061768	-3.700000048	21	-3.700000048	637	169	5	99.2259750366211	387	18	384	18	31.00	5.45	4.21	3.22	150.200751	0.044237612	0.194388835	8.11	49.72	8.23	7.12	6.22	190.00095	0.065097746	0.504571214	3.8
8	3-8	36.2	113.44	9.15416622161865	11.7416667938232	30.9806499481201	995.851501464844	26.8999996185303	-11	37.9000015258789	19.3833332061768	-3.700000048	21	-3.700000048	637	169	5	99.2259750366211	387	18	384	18	31.06	6.40	5.20	3.755	168.200841	0.034605722	0.193173235	8.87	50.80	9.00	7.81	7.255	200.001	0.063965373	0.52187829	3.77
9	1-9	37.33	113.57	7.49583339691162	13.0749998092651	32.4441680908203	1038.55554199219	26.1000003814697	-14.19999981	40.2999992370605	18.1000003814697	-5.949999809	19.7666664123535	-5.949999809	565	168	3	108.321624755859	361	13	356	13	30.51	5.27	4.31	2.915	148.200741	0.052953996	0.185376166	8.32	42.89	9.3695	8.1755	7.915	346.6684	0.076275682	0.385753024	4.54
9	2-9	37.33	113.57	7.49583339691162	13.0749998092651	32.4441680908203	1038.55554199219	26.1000003814697	-14.19999981	40.2999992370605	18.1000003814697	-5.949999809	19.7666664123535	-5.949999809	565	168	3	108.321624755859	361	13	356	13	28.10	5.67	4.36	3.35	156.600783	0.049009689	0.163664201	8.53	46.38	9.66	8.47	7.85	320.0016	0.061076119	0.431188017	4.52
9	3-9	37.33	113.57	7.49583339691162	13.0749998092651	32.4441680908203	1038.55554199219	26.1000003814697	-14.19999981	40.2999992370605	18.1000003814697	-5.949999809	19.7666664123535	-5.949999809	565	168	3	108.321624755859	361	13	356	13	29.08	3.68	2.82	4.12	201.001005	0.049082167	0.237071651	8.21	53.17	9.80	8.58	7.12	213.3344	0.037830873	0.423971096	4.48
10	1-10	35.57	106.03	6.04583358764648	10.5583333969116	30.1666660308838	890.899597167969	22.8999996185303	-12.10000038	35	15.5500001907349	-5.300000191	16.7333335876465	-5.300000191	505	100	3	82.6719131469727	276	13	252	13	34.39	6.04	3.64	3.55	185.400927	0.050249437	0.177965584	7.68	46.87	9.106	7.492	7.05	226.6678	0.085738048	0.731742635	5.26
10	2-10	35.57	106.03	6.04583358764648	10.5583333969116	30.1666660308838	890.899597167969	22.8999996185303	-12.10000038	35	15.5500001907349	-5.300000191	16.7333335876465	-5.300000191	505	100	3	82.6719131469727	276	13	252	13	34.48	5.51	4.35	2.915	139.200696	0.029082167	0.184947004	8.35	49.80	7.97	6.74	5.915	193.3343	0.052619768	0.628062737	4.75
10	3-10	35.57	106.03	6.04583358764648	10.5583333969116	30.1666660308838	890.899597167969	22.8999996185303	-12.10000038	35	15.5500001907349	-5.300000191	16.7333335876465	-5.300000191	505	100	3	82.6719131469727	276	13	252	13	32.34	5.52	4.49	3.155	152.00076	0.029311043	0.229142374	7.88	49.33	6.97	5.76	5.655	160.0008	0.042496446	0.641023228	5.27
11	1-11	36	106.29	7.3125	11.4583330154419	30.5555572509766	941.604370117188	25.2999992370605	-12.19999981	37.5	17.1499996185303	-4.766666412	18.5499992370605	-4.766666412	449	92	3	85.1074600219727	252	11	229	11	28.96	5.94	4.87	3.195	129.600798	0.040423002	0.202263861	10.07	44.05	7.8755	6.476	6.195	180.0009	0.110489885	0.473036854	5.62
11	2-11	36	106.29	7.3125	11.4583330154419	30.5555572509766	941.604370117188	25.2999992370605	-12.19999981	37.5	17.1499996185303	-4.766666412	18.5499992370605	-4.766666412	449	92	3	85.1074600219727	252	11	229	11	44.74	5.58	4.12	3.92	189.400797	0.054743048	0.174374147	10.8	55.76	8.14	6.65	6.62	220.0011	0.065175506	0.373000712	4.75
11	3-11	36	106.29	7.3125	11.4583330154419	30.5555572509766	941.604370117188	25.2999992370605	-12.19999981	37.5	17.1499996185303	-4.766666412	18.5499992370605	-4.766666412	449	92	3	85.1074600219727	252	11	229	11	34.84	5.67	4.55	3.39	161.800809	0.026877322	0.172817795	9.78	55.12	8.64	7.47	6.99	260.0013	0.069836219	0.240633954	5.17
12	1-12	37.49	105.69	9.5625	13.4416666030884	31.2596893310547	1069.39050292969	29.5	-13.5	43	20.5	-4.416666508	22	-4.416666508	218	59	0	97.6042251586914	134	2	125	2	30.17	7.44	5.32	4.775	175.200876	0.040171238	0.192408918	9.71	41.46	7.3225	6.032	6.775	233.3345	0.071216451	0.699947383	5.76
12	2-12	37.49	105.69	9.5625	13.4416666030884	31.2596893310547	1069.39050292969	29.5	-13.5	43	20.5	-4.416666508	22	-4.416666508	218	59	0	97.6042251586914	134	2	125	2	29.70	7.38	5.75	3.515	126.400632	0.041796262	0.184386927	9.73	49.12	7.28	6.09	6.365	213.3344	0.066045441	0.512028226	5.7
12	3-12	37.49	105.69	9.5625	13.4416666030884	31.2596893310547	1069.39050292969	29.5	-13.5	43	20.5	-4.416666508	22	-4.416666508	218	59	0	97.6042251586914	134	2	125	2	30.15	3.63	2.89	3.12	127.6806384	0.029898493	0.181884114	9.02	50.63	6.61	6.61	5.62	206.6677	0.049392746	0.525461397	5.35
13	1-13	38.43	100.81	2.88750004768372	14.841667175293	35.0866813659668	997.442443847656	22.1000003814697	-20.20000076	42.3000030517578	14.4499998092651	-9.966667175	14.4499998092651	-9.966667175	338	77	2	101.358779907227	210	6	210	6	32.45	4.39	3.48	3.175	161.600808	0.035193172	0.224106599	8.41	43.735	8.2805	7.1035	6.675	188.00094	0.032827532	0.399060288	6.06
13	2-13	38.43	100.81	2.88750004768372	14.841667175293	35.0866813659668	997.442443847656	22.1000003814697	-20.20000076	42.3000030517578	14.4499998092651	-9.966667175	14.4499998092651	-9.966667175	338	77	2	101.358779907227	210	6	210	6	25.50	4.36	3.49	2.52	126.200631	0.038572916	0.246842611	9.23	46.27	8.44	7.09	7.27	204.00102	0.045111111	0.278107838	5.6
13	3-13	38.43	100.81	2.88750004768372	14.841667175293	35.0866813659668	997.442443847656	22.1000003814697	-20.20000076	42.3000030517578	14.4499998092651	-9.966667175	14.4499998092651	-9.966667175	338	77	2	101.358779907227	210	6	210	6	31.27	4.78	3.88	3.315	164.600823	0.032164372	0.190981248	9.32	51.83	8.87	7.65	7.815	244.00122	0.033962335	0.332263666	5.59
14	1-14	34.54	104.03	5.01666641235352	11.5999994277954	32.7683601379395	831.838928222656	21	-14.39999962	35.4000015258789	13.783332824707	-5.933333397	14.6999998092651	-5.933333397	590	108	1	84.2363815307617	308	8	294	8	29.66	5.97	4.85	5.795	213.601068	0.035887431	0.234568566	8.91	45.435	8.425	7.229	7.295	270.00135	0.028917684	0.541400382	4.49
14	2-14	34.54	104.03	5.01666641235352	11.5999994277954	32.7683601379395	831.838928222656	21	-14.39999962	35.4000015258789	13.783332824707	-5.933333397	14.6999998092651	-5.933333397	590	108	1	84.2363815307617	308	8	294	8	39.35	7.91	5.44	5.275	246.201231	0.037474309	0.232838612	9.06	57.59	7.79	6.54	6.775	286.6681	0.02613778	0.370605093	4.34
14	3-14	34.54	104.03	5.01666641235352	11.5999994277954	32.7683601379395	831.838928222656	21	-14.39999962	35.4000015258789	13.783332824707	-5.933333397	14.6999998092651	-5.933333397	590	108	1	84.2363815307617	308	8	294	8	47.37	8.28	7.01	6.65	244.401222	0.042265459	0.20283849	9.54	66.66	7.90	6.65	6.65	192.00096	0.036146893	0.361504961	4.45
15	1-15	32.94	104.68	13	9.33333301544189	31.3199100494385	746.674438476562	27.5	-2.299999952	29.7999992370605	20.9333343505859	3.36666655540466	21.9333343505859	3.36666655540466	649	139	2	89.1208724975586	361	10	347	10	45.01	6.61	5.05	3.87	146.7207336	0.032934923	0.211019483	9.25	57.105	7.183	5.004	6.37	162.66748	0.039665512	0.558548594	4.39
15	2-15	32.94	104.68	13	9.33333301544189	31.3199100494385	746.674438476562	27.5	-2.299999952	29.7999992370605	20.9333343505859	3.36666655540466	21.9333343505859	3.36666655540466	649	139	2	89.1208724975586	361	10	347	10	29.17	6.72	5.45	4.23	151.6807584	0.036410032	0.263533328	8.35	45.42	5.83	4.66	5.23	165.33416	0.029488731	0.400724695	4.29
15	3-15	32.94	104.68	13	9.33333301544189	31.3199100494385	746.674438476562	27.5	-2.299999952	29.7999992370605	20.9333343505859	3.36666655540466	21.9333343505859	3.36666655540466	649	139	2	89.1208724975586	361	10	347	10	26.83	4.45	3.40	3.59	126.8806344	0.029684875	0.192926773	9.15	51.52	5.87	4.75	5.44	208.66771	0.038744548	0.37907889	4.24
16	1-16	34.75	105.34	9.66666698455811	10.2833337783813	29.5498085021973	886.623657226562	26.7000007629395	-8.100000381	34.8000030517578	18.966667175293	-1.76666677	20.2666664123535	-1.76666677	581	109	3	81.3913345336914	303	13	285	13	29.57	5.26	4.15	4.39	167.5208376	0.042669807	0.224665158	9.72	42.2	6.567	5.373	6.39	162.66748	0.027063605	0.786975767	6.51
16	2-16	34.75	105.34	9.66666698455811	10.2833337783813	29.5498085021973	886.623657226562	26.7000007629395	-8.100000381	34.8000030517578	18.966667175293	-1.76666677	20.2666664123535	-1.76666677	581	109	3	81.3913345336914	303	13	285	13	40.63	6.10	5.02	2.72	118.5605928	0.062681251	0.235303845	9.79	57.15	5.82	4.71	6.22	146.6674	0.035862584	0.509848821	6.17
16	3-16	34.75	105.34	9.66666698455811	10.2833337783813	29.5498085021973	886.623657226562	26.7000007629395	-8.100000381	34.8000030517578	18.966667175293	-1.76666677	20.2666664123535	-1.76666677	581	109	3	81.3913345336914	303	13	285	13	29.16	4.90	3.82	3.365	140.6407032	0.041582644	0.200257428	8.95	49.81	6.95	5.63	6.865	170.66752	0.028791325	0.57420873	6.21
17	1-17	33.7	110.33	14.2041664123535	10.4916667938232	30.6773891448975	891.167419433594	30.7999992370605	-3.400000095	34.2000007629395	23.75	2.89999985694885	25.0666656494141	2.89999985694885	744	145	8	70.672607421875	362	30	334	30	39.64	4.69	3.60	2.68	128.00064	0.018996338	0.217382415	8.12	45.735	7.181	6.069	6.18	174.66754	0.05396841	0.821074756	3.81
17	2-17	33.7	110.33	14.2041664123535	10.4916667938232	30.6773891448975	891.167419433594	30.7999992370605	-3.400000095	34.2000007629395	23.75	2.89999985694885	25.0666656494141	2.89999985694885	744	145	8	70.672607421875	362	30	334	30	34.88	6.44	5.43	2.385	116.400582	0.024092657	0.188928497	8.31	54.71	7.69	6.58	6.385	186.6676	0.038887917	0.625086061	4.01
17	3-17	33.7	110.33	14.2041664123535	10.4916667938232	30.6773891448975	891.167419433594	30.7999992370605	-3.400000095	34.2000007629395	23.75	2.89999985694885	25.0666656494141	2.89999985694885	744	145	8	70.672607421875	362	30	334	30	33.12	4.82	3.85	2.875	164.600823	0.026980317	0.169866748	8.15	50.55	7.12	5.95	6.875	170.66752	0.042664115	0.622867531	4.11
18	1-18	34.52	107.4	12.0666666030884	10.2666664123535	29.0018825531006	913.923400878906	29.5	-5.900000095	35.4000015258789	21.8333320617676	0.566666662693024	23.2999992370605	0.566666662693024	661	122	4	77.3619766235352	348	18	292	18	25.03	4.45	3.48	2.395	121.800609	0.035139767	0.23546517	8.05	42.23	7.2045	6.512	6.395	166.6675	0.042887674	0.673651944	4.47
18	2-18	34.52	107.4	12.0666666030884	10.2666664123535	29.0018825531006	913.923400878906	29.5	-5.900000095	35.4000015258789	21.8333320617676	0.566666662693024	23.2999992370605	0.566666662693024	661	122	4	77.3619766235352	348	18	292	18	39.46	5.63	3.86	4.255	134.400672	0.031615068	0.187053122	8.27	53.54	7.96	6.85	7.255	180.0009	0.044224166	0.503279348	3.67
18	3-18	34.52	107.4	12.0666666030884	10.2666664123535	29.0018825531006	913.923400878906	29.5	-5.900000095	35.4000015258789	21.8333320617676	0.566666662693024	23.2999992370605	0.566666662693024	661	122	4	77.3619766235352	348	18	292	18	32.23	4.24	3.31	2.77	127.400637	0.028788442	0.190708567	7.87	52.83	7.42	6.28	7.27	153.3341	0.03663775	0.508949917	4.18
19	1-19	35.21	107.8	9.71249961853027	10.625	28.9509544372559	946.825134277344	27.2999992370605	-9.399999619	36.6999969482422	19.716667175293	-2.333333254	21.1333332061768	-2.333333254	596	112	4	79.0833129882812	322	17	276	17	25.40	4.39	3.37	2.7	141.000705	0.038656838	0.212157989	7.63	40.685	8.458	7.346	6.2	220.0011	0.037976672	0.546683137	4.42
19	2-19	35.21	107.8	9.71249961853027	10.625	28.9509544372559	946.825134277344	27.2999992370605	-9.399999619	36.6999969482422	19.716667175293	-2.333333254	21.1333332061768	-2.333333254	596	112	4	79.0833129882812	322	17	276	17	27.66	4.19	3.37	2.93	135.000675	0.030497387	0.217082181	8.31	44.90	7.83	6.59	5.93	184.00092	0.031614969	0.480320133	4.53
19	3-19	35.21	107.8	9.71249961853027	10.625	28.9509544372559	946.825134277344	27.2999992370605	-9.399999619	36.6999969482422	19.716667175293	-2.333333254	21.1333332061768	-2.333333254	596	112	4	79.0833129882812	322	17	276	17	29.84	3.57	2.87	4.395	218.201091	0.035044402	0.203400354	7.53	47.13	5.83	4.71	5.395	152.00076	0.031763198	0.473081452	4.73
20	1-20	37.76	110.19	9.42916679382324	13.0416669845581	29.7076683044434	1137.42822265625	29.8999996185303	-14	43.9000015258789	20.8833332061768	-5.449999809	22.716667175293	-5.449999809	454	110	2	99.7385101318359	286	8	266	8	25.46	7.69	6.49	3.765	171.800859	0.029646729	0.22288841	6.59	40.973	8.8605	7.6835	6.265	254.00127	0.019482048	0.3414699	6.32
20	2-20	37.76	110.19	9.42916679382324	13.0416669845581	29.7076683044434	1137.42822265625	29.8999996185303	-14	43.9000015258789	20.8833332061768	-5.449999809	22.716667175293	-5.449999809	454	110	2	99.7385101318359	286	8	266	8	47.03	5.83	4.71	5.155	251.601258	0.028899065	0.238976023	7.05	58.60	8.25	6.70	7.655	224.00112	0.022395602	0.253989549	6.05
20	3-20	37.76	110.19	9.42916679382324	13.0416669845581	29.7076683044434	1137.42822265625	29.8999996185303	-14	43.9000015258789	20.8833332061768	-5.449999809	22.716667175293	-5.449999809	454	110	2	99.7385101318359	286	8	266	8	28.13	4.84	3.73	3.075	143.000715	0.022685066	0.216986893	6.61	49.06	10.18	9.06	7.575	284.00142	0.025433084	0.237639225	5.78
